/*********************************************
 * OPL 12.9.0.0 Data
 * Author: jardell
 * Creation Date: 10 de set de 2020 at 23:46:45
 *********************************************/
N = 20;
p = 3;

//cap = [	2198.5327	6106.712	2226.593	4515.467	4423.7065	5748.027	6109.3364	6425.9766	4740.0356	6238.5547];

//cap = [1529.9818	1153.3662	643.6426	2000.5106	2784.1694	2137.0654	310.1741	1345.5448	2339.2937	2878.318];


cap = [1869.7551 514.3239 3108.62 3382.5498 5307.024 3680.7344 4815.308 3313.3718 4122.5957 4536.979 2069.9248 2600.2756 1983.2947 3493.963 3944.8066 2176.4407 4783.3096 2861.394 4212.934 2459.3022];
/*c = [
[	0	19961.057	15695.196	23247.453	23046.621	30371.322	31577.965	32743.33	35819.164	36032.74	]
[	19961.057	0	20191.328	12595.3955	24553.875	18813.215	29874.338	25425.41	38247.797	30557.94	]
[	15695.196	20191.328	0	13742.835	7366.8535	18671.422	15890.654	18296.578	20875.26	20739.352	]
[	23247.453	12595.3955	13742.835	0	14466.613	7400.712	17776.68	12874.756	26799.936	17962.85	]
[	23046.621	24553.875	7366.8535	14466.613	0	16356.968	8627.191	13047.372	14115.807	14158.799	]
[	30371.322	18813.215	18671.422	7400.712	16356.968	0	15746.218	7942.6255	25355.51	13245.804	]
[	31577.965	29874.338	15890.654	17776.68	8627.191	15746.218	0	8784.116	9609.397	6701.5293	]
[	32743.33	25425.41	18296.578	12874.756	13047.372	7942.6255	8784.116	0	18158.264	5353.3633	]
[	35819.164	38247.797	20875.26	26799.936	14115.807	25355.51	9609.397	18158.264	0	14475.3125	]
[	36032.74	30557.94	20739.352	17962.85	14158.799	13245.804	6701.5293	5353.3633	14475.3125	0	]
];*/

c = [
[0.0	11573.681	18163.412	36817.926	15640.176	17506.424	22977.076	32193.635	20952.586	25387.062	29774.379	36858.08	26751.92	32128.15	32804.23	37925.08	32953.05	34220.367	35513.387	37877.78]	
[11573.681	0.0	10075.25	26434.768	20170.355	15388.687	18942.3	26082.041	25120.785	24313.438	26951.78	31700.07	30086.018	33114.812	32450.797	34167.914	39186.633	36810.53	35922.965	37001.73]	
[18163.412	10075.25	0.0	19050.709	18041.531	9062.017	10002.398	16019.945	21546.262	16665.24	17959.953	21718.686	25096.244	26051.594	24542.47	24508.768	35919.24	30649.535	28293.752	28551.498]	
[36817.926	26434.768	19050.709	0.0	35430.31	25402.205	21685.625	16710.35	37344.32	28039.16	25187.41	21074.068	38771.96	36106.96	32963.242	25973.29	50490.863	41666.39	36607.848	34468.824]	
[15640.176	20170.355	18041.531	35430.31	0.0	10028.4375	14688.315	24010.643	5366.2227	12589.446	17956.135	26671.686	11114.297	16931.111	18341.824	26004.326	19019.168	18583.426	20455.004	23456.215]	
[17506.424	15388.687	9062.017	25402.205	10028.4375	0.0	5700.331	15371.26	12646.279	8954.615	12422.67	19463.012	16055.966	17818.379	17078.336	20454.795	26912.256	21947.303	20537.764	21748.428]	
[22977.076	18942.3	10002.398	21685.625	14688.315	5700.331	0.0	9701.38	15721.18	7201.826	8056.2827	13881.124	17329.646	16538.84	14643.554	15410.787	28953.094	21585.145	18454.107	18549.861]	
[32193.635	26082.041	16019.945	16710.35	24010.643	15371.26	9701.38	0.0	23932.945	13082.658	8882.283	5995.995	23694.475	19746.021	16389.209	10097.221	35284.766	25348.379	19941.12	17808.662]	
[20952.586	25120.785	21546.262	37344.32	5366.2227	12646.279	15721.18	23932.945	0.0	11091.988	16400.92	25395.111	5843.343	12471.427	14625.384	23771.049	14437.865	13354.843	16045.684	19558.059]	
[25387.062	24313.438	16665.24	28039.16	12589.446	8954.615	7201.826	13082.658	11091.988	0.0	5429.5366	14370.171	10804.873	9416.215	8138.3286	13425.628	22528.133	14384.91	11718.148	12831.745]	
[29774.379	26951.78	17959.953	25187.41	17956.135	12422.67	8056.2827	8882.283	16400.92	5429.5366	0.0	8994.264	15106.7	10938.482	7858.513	8252.506	26522.617	16527.818	11651.548	10760.484]	
[36858.08	31700.07	21718.686	21074.068	26671.686	19463.012	13881.124	5995.995	25395.111	14370.171	8994.264	0.0	23738.76	18141.793	14399.901	4937.8857	34705.156	23551.484	17273.92	14102.774]	
[26751.92	30086.018	25096.244	38771.96	11114.297	16055.966	17329.646	23694.475	5843.343	10804.873	15106.7	23738.76	0.0	7600.8223	10679.264	21087.15	11729.931	7511.777	11024.709	15043.533]	
[32128.15	33114.812	26051.594	36106.96	16931.111	17818.379	16538.84	19746.021	12471.427	9416.215	10938.482	18141.793	7600.8223	0.0	3778.9126	14578.138	16764.715	5602.4326	3574.8044	7450.0396]	
[32804.23	32450.797	24542.47	32963.242	18341.824	17078.336	14643.554	16389.209	14625.384	8138.3286	7858.513	14399.901	10679.264	3778.9126	0.0	10818.0	20531.037	9178.083	3860.0137	5128.9346]	
[37925.08	34167.914	24508.768	25973.29	26004.326	20454.795	15410.787	10097.221	23771.049	13425.628	8252.506	4937.8857	21087.15	14578.138	10818.0	0.0	31342.775	19656.414	13060.761	9438.329]	
[32953.05	39186.633	35919.24	50490.863	19019.168	26912.256	28953.094	35284.766	14437.865	22528.133	26522.617	34705.156	11729.931	16764.715	20531.037	31342.775	0.0	12207.646	18900.281	23301.932]	
[34220.367	36810.53	30649.535	41666.39	18583.426	21947.303	21585.145	25348.379	13354.843	14384.91	16527.818	23551.484	7511.777	5602.4326	9178.083	19656.414	12207.646	0.0	6769.704	11122.881]	
[35513.387	35922.965	28293.752	36607.848	20455.004	20537.764	18454.107	19941.12	16045.684	11718.148	11651.548	17273.92	11024.709	3574.8044	3860.0137	13060.761	18900.281	6769.704	0.0	4421.231]	
[37877.78	37001.73	28551.498	34468.824	23456.215	21748.428	18549.861	17808.662	19558.059	12831.745	10760.484	14102.774	15043.533	7450.0396	5128.9346	9438.329	23301.932	11122.881	4421.231	0.0]
];

/*w = [
[75.45516	36.99225	54.50374	19.26993	20.09353	17.65083	56.77023	17.0805	18.83119	16.3857]	
[25.79368	38.37556	24.9978	26.57622	18.2892	23.16878	38.16187	20.41213	12.48278	16.59752]	
[66.81259	39.3154	51.18631	22.4085	24.20284	20.51443	70.55825	20.242	22.99969	19.42402]	
[17.32913	33.11961	18.76116	24.90798	16.3616	22.92953	40.16107	23.14628	11.42045	18.67024]	
[17.48542	25.13702	21.18277	19.09304	23.48038	18.30631	73.40977	20.08767	23.88958	19.43431]	
[11.60717	18.44195	12.16834	16.1154	11.117	16.94285	37.16685	21.82894	9.55635	18.06635]	
[82.3726	77.53514	90.44923	67.79197	95.05794	72.6356	312.2588	98.82669	110.00666	110.36841]	
[35.14312	41.73451	36.29946	48.41528	35.71107	57.57814	173.37314	89.946	41.22635	91.82538]
[12.19623	11.89953	15.34527	10.23904	18.93588	11.15861	67.87516	15.06425	23.62211	20.37256]	
[21.71765	24.96393	22.80694	27.79022	23.08363	32.89169	109.09831	50.84656	30.24721	63.32784]
];*/

w = [
[5.70546	9.8016	5.02811	3.10534	5.76561	5.68655	2.48179	2.10657	2.38547	2.3877	2.39523	1.96042	2.92867	8.97784	2.11682	2.38788	2.22108	2.2961	2.14572	1.9314]
[21.24207	38.70603	18.46248	10.39632	21.81616	21.23542	8.12536	6.55621	7.6169	7.70346	7.72436	5.57082	9.83708	35.02664	5.00258	7.57322	6.98803	7.32598	6.50394	5.80464]	
[5.76319	9.90943	9.32898	8.66589	6.20638	7.66848	6.87066	5.13303	3.3055	5.45925	6.38653	4.14589	4.13713	15.14683	3.88089	5.52676	3.06227	3.29626	3.50254	4.30582]	
[3.82019	6.30087	9.80781	10.57288	4.41734	6.7056	8.41702	6.15551	3.14053	6.38392	7.78316	4.8532	3.91686	14.96105	4.48033	6.52415	2.91708	3.20717	3.68952	5.09964]	
[6.72946	11.72855	6.26441	4.02987	7.67867	7.05129	3.13192	2.96169	4.73654	3.61574	3.06078	2.86809	6.02183	19.65396	2.81457	3.71497	4.35917	4.44622	3.6718	2.87492]	
[17.20647	31.14811	17.379	11.64212	18.14486	18.31149	9.0892	7.22569	7.55309	8.29747	8.52419	6.06137	9.7227	35.15976	5.43809	8.27437	6.92029	7.27401	6.5717	6.3056]	
[4.16628	6.98193	11.09571	11.99146	4.81607	7.43321	9.43752	6.8289	3.35128	7.09762	8.73584	5.29811	4.19067	16.90428	4.79284	7.19672	3.06991	3.40742	3.9202	5.50257]	
[2.43809	3.74283	4.92636	5.10608	2.84572	3.66616	3.97377	4.66779	2.35772	3.55498	3.95644	4.93914	2.91019	16.15593	4.47168	6.68504	2.17863	2.76449	4.12639	5.12108]	
[3.1136	4.99403	4.06675	3.54214	6.16711	4.45103	2.77866	3.59459	8.80468	4.81072	2.82652	3.98453	11.40382	36.77596	3.71853	5.30865	8.0716	8.12413	6.06891	4.09337]	
[3.55286	5.82493	8.50821	9.01992	4.53865	6.02598	7.02517	5.69462	4.01484	5.85014	6.60576	4.8895	5.06572	20.16427	4.42922	6.63127	3.68452	4.00933	4.22951	5.04252]	
[2.21917	3.34019	5.35555	5.78049	2.41317	3.63173	4.43111	3.40172	1.81365	3.4232	4.20078	2.82715	2.20865	8.56897	2.76048	3.68513	1.67549	1.84414	2.16197	2.77273]	
[2.42586	3.62195	3.72933	3.57658	2.95022	3.17322	2.75117	5.5314	2.72222	3.15793	3.07258	6.84234	3.37116	23.01807	6.02159	9.36174	2.52139	3.51533	5.96375	7.1679]	
[4.48378	7.50133	5.99118	5.1547	9.32984	6.56298	3.95527	5.25804	13.49536	7.16645	4.03137	5.81953	17.5686	57.49269	5.19823	7.92189	12.34909	12.42676	9.14895	6.02243]	
[24.91884	45.46865	35.76415	30.62511	39.70652	34.84989	24.2033	34.37536	42.67713	31.719	24.44874	38.33596	56.18517	181.01233	31.57915	54.12742	38.98163	46.24918	53.65956	41.53747]	
[10.03472	17.48146	16.78308	15.71178	14.13816	14.44226	12.33287	25.42583	13.53094	14.75889	13.50418	31.27818	17.55586	120.88821	25.93743	43.9721	12.38894	21.21276	40.86929	33.74153]	
[2.9706	4.65634	4.73049	4.50916	3.7318	3.98724	3.45605	7.20053	3.40606	4.01518	3.86624	8.92954	4.26511	30.66396	7.68007	12.3564	3.13614	4.48851	7.77392	9.44064]	
[2.47192	3.80675	3.17113	2.80024	4.68652	3.44312	2.19008	2.78633	6.63777	3.66935	2.24327	3.08799	8.53509	27.28844	2.98984	4.03197	6.0954	6.1228	4.61074	3.11904]	
[2.34999	3.56757	3.12016	2.808	4.02498	3.19065	2.17405	3.08858	5.32906	3.2997	2.27653	3.55082	6.80676	25.24487	3.34488	4.69756	4.89762	6.50629	9.04378	3.599]	
[4.16957	6.90003	6.31625	5.78781	6.27864	5.76315	4.46475	8.18877	6.90363	5.81224	4.81744	9.87088	8.85858	49.54976	8.44708	13.6941	6.32666	13.24916	27.97055	10.47327]	
[4.0161	6.63195	6.60694	6.25293	5.23007	5.53508	4.8142	10.3225	4.71765	5.65011	5.37949	12.82388	5.96661	44.72336	10.78984	17.91554	4.32659	6.3448	11.17172	13.7123]
];


